number	win_rate
1	0.0000
2	0.0000
3	0.6875
4	0.9688
5	0.9688
6	0.9375
7	0.9375
8	0.9688
9	0.7812
10	0.8438
11	0.9062
12	0.8125
13	0.8438
14	0.7812
15	0.8125
16	0.5938
17	0.7188
18	0.8750
19	0.7188
20	0.8438
21	0.9688
22	0.7188
23	0.8750
24	0.8750
25	0.6875
26	0.9062
27	0.9062
28	0.8750
29	0.9375
30	0.6875
31	0.9688
32	0.9375
33	0.9688
34	0.9375
35	0.9688
36	0.9375
37	0.9688
38	1.0000
39	0.9688
40	0.9375
41	0.9062
42	0.9375
43	0.9375
44	0.9688
45	0.9688
46	0.9375
47	1.0000
48	1.0000
49	0.8438
50	0.9688
51	1.0000
52	0.9062
53	0.9375
54	0.9062
55	0.9375
56	0.9375
57	0.9688
58	0.9688
59	1.0000
60	1.0000
61	1.0000
62	0.9062
63	0.9375
64	0.9375
65	0.9688
66	0.9688
67	0.9375
68	0.9688
69	0.9688
70	0.9375
71	0.9375
72	0.9688
73	0.9375
74	0.9688
75	1.0000
76	0.9062
77	1.0000
78	1.0000
79	1.0000
80	0.9375
81	1.0000
82	1.0000
83	0.9062
84	1.0000
85	0.9688
86	1.0000
87	0.9062
88	0.8750
89	0.9062
90	0.9375
91	1.0000
92	0.9688
93	0.9062
94	1.0000
95	1.0000
96	0.9062
97	1.0000
98	1.0000
99	0.9688
100	0.8438
101	0.9062
102	1.0000
103	1.0000
104	0.9688
105	0.9688
106	0.8750
107	1.0000
108	0.9062
109	0.9688
110	0.9375
111	0.9375
112	1.0000
113	0.9062
114	0.9062
115	0.9375
116	0.9375
117	1.0000
118	0.9062
119	0.9688
120	0.9688
121	1.0000
122	0.9062
123	0.9688
124	0.9062
125	0.9375
126	0.8750
127	0.9062
128	0.9062
129	0.9688
130	0.9062
131	0.9375
132	0.9688
133	0.8125
134	0.8750
135	0.8438
136	0.8750
137	0.9062
138	0.9062
139	0.9688
140	0.8750
141	0.8125
142	0.8438
143	0.8750
144	0.9062
145	0.9688
146	0.9062
147	0.8438
148	0.8125
149	0.9062
150	0.8125
151	0.8438
152	0.9375
153	0.7812
154	1.0000
155	0.8438
156	0.8438
157	0.9688
158	0.8125
159	0.9375
160	0.8438
161	0.9688
162	0.7812
163	0.9062
164	0.6875
165	0.8125
166	0.8438
167	0.7500
168	0.8750
169	0.8438
170	0.9375
171	0.9375
172	0.9375
173	0.9062
174	0.9375
175	0.9375
176	0.9062
177	0.8438
178	0.7812
179	0.8750
180	0.8750
181	0.8438
182	0.9062
183	0.9375
184	0.9062
185	0.9062
186	0.7500
187	0.9688
188	0.7188
189	0.8750
190	0.9062
191	0.9688
192	1.0000
193	1.0000
194	0.9375
195	1.0000
196	0.9375
197	0.8750
198	0.9062
199	0.8438
200	0.9062
201	0.9688
202	0.9062
203	1.0000
204	0.9062
205	0.7812
206	0.8438
207	1.0000
208	0.9375
209	0.8438
210	1.0000
211	0.9688
212	0.9062
213	0.9375
214	0.9688
215	0.8750
216	0.9688
217	0.8750
218	0.9062
219	0.8750
220	0.9375
221	0.8750
222	0.9062
223	0.8438
224	0.9062
225	0.7188
226	0.9062
227	0.9375
228	0.9375
229	0.9375
230	0.9062
231	0.9062
232	1.0000
233	0.8438
234	0.7188
235	0.9375
236	0.9062
237	0.8125
238	0.8438
239	0.9375
240	0.8750
241	0.8125
242	0.9062
243	0.8438
244	1.0000
245	0.9062
246	0.9062
247	0.9688
248	0.9688
249	0.8438
250	0.8750
251	0.9062
252	0.8438
253	1.0000
254	0.8438
255	0.9375
256	0.9688
257	0.9062
258	0.9062
259	0.8438
260	0.9062
261	0.8438
262	0.9062
263	0.9062
264	0.8750
265	0.8750
266	0.9688
267	0.8125
268	1.0000
269	0.9375
270	0.8125
271	0.9062
272	0.8750
273	0.8438
274	0.8750
275	0.8125
276	0.9375
277	0.9062
278	1.0000
279	0.9375
280	0.9062
281	0.9375
282	0.8750
283	0.8438
284	1.0000
285	0.7812
286	0.9062
287	0.9062
288	0.9375
289	1.0000
290	1.0000
291	0.9375
292	0.9375
293	0.9062
294	0.8750
295	0.9062
296	0.9375
297	0.9062
298	0.8438
299	0.9375
300	0.9062
301	0.9688
302	0.9375
303	0.8438
304	0.9062
305	0.9375
306	0.9375
307	0.8438
308	0.9375
309	0.9062
310	0.8750
311	0.9688
312	0.9375
313	0.9375
314	0.9375
315	0.9062
316	0.8750
317	0.9688
318	0.9688
319	1.0000
320	0.9375
321	0.9688
322	0.9062
323	0.9062
324	0.9375
325	0.8438
326	0.9062
327	0.9688
328	0.9375
329	0.9688
330	0.9375
331	0.9375
332	0.9375
333	0.9688
334	0.9688
335	0.9688
336	0.9375
337	1.0000
338	1.0000
339	0.9062
340	0.9062
341	0.9375
342	1.0000
343	0.8438
344	0.9688
345	1.0000
346	0.9375
347	0.9688
348	0.9375
349	0.9688
350	0.9688
351	0.9688
352	1.0000
353	0.9062
354	0.9062
355	0.9375
356	0.9688
357	0.9688
358	0.9688
359	0.8125
360	0.9688
361	0.9062
362	1.0000
363	0.9375
364	0.9688
365	0.9688
366	1.0000
367	0.9062
368	0.9375
369	1.0000
370	0.9688
371	0.9062
372	1.0000
373	0.9688
374	0.9375
375	0.9688
376	0.9375
377	0.9688
378	0.9062
379	0.9375
380	0.9375
381	0.9375
382	0.9688
383	0.9062
384	1.0000
385	0.9375
386	0.9062
387	1.0000
388	0.9375
389	0.9688
390	0.9062
391	0.9375
392	0.9062
393	0.8750
394	0.8750
395	0.9375
396	0.9688
397	0.9688
398	1.0000
399	0.9062
400	0.9375
401	1.0000
402	1.0000
403	0.9688
404	0.9688
405	0.9375
406	1.0000
407	0.9688
408	0.9375
409	0.9375
410	0.9375
411	0.9688
412	1.0000
413	0.8750
414	0.9375
415	0.9375
416	0.9688
417	0.9688
418	0.9688
419	0.9688
420	0.9375
421	1.0000
422	0.9688
423	0.9688
424	0.9375
425	0.9062
426	0.9375
427	0.9375
428	0.9375
429	1.0000
430	1.0000
431	0.9688
432	0.9062
433	1.0000
434	1.0000
435	1.0000
436	0.9688
437	1.0000
438	0.9688
439	0.9062
440	0.9375
441	0.9375
442	0.9375
443	1.0000
444	0.9062
445	1.0000
446	0.9375
447	0.9688
448	0.9688
449	0.9375
450	0.9375
451	0.9375
452	0.9375
453	0.9688
454	1.0000
455	1.0000
456	0.9688
457	0.9375
458	1.0000
459	1.0000
460	0.9688
461	1.0000
462	0.9688
463	0.9062
464	0.9688
465	0.9375
466	1.0000
467	1.0000
468	1.0000
469	1.0000
470	0.9688
471	0.9688
472	0.9688
473	1.0000
474	0.9688
475	1.0000
476	1.0000
477	0.9062
478	0.9688
479	0.9688
480	0.9062
481	1.0000
482	0.9688
483	0.9688
484	1.0000
485	0.9375
486	1.0000
487	0.9688
488	0.9688
489	0.9375
490	0.9375
491	0.9375
492	1.0000
493	0.9688
494	1.0000
495	0.9062
496	0.9688
497	1.0000
498	1.0000
499	0.9688
500	1.0000
501	0.9688
502	0.8750
503	0.9688
504	0.9375
505	0.9688
506	0.9688
507	1.0000
508	0.9375
509	0.9688
510	1.0000
511	1.0000
512	1.0000
513	0.9688
514	1.0000
515	1.0000
516	1.0000
517	0.8750
518	1.0000
519	1.0000
520	0.9062
521	1.0000
522	1.0000
523	0.9688
524	0.9375
525	0.9375
526	1.0000
527	0.9375
528	0.9688
529	0.9375
530	0.9688
531	0.9062
532	0.9688
533	1.0000
534	0.9062
535	0.9688
536	0.9688
537	1.0000
538	1.0000
539	1.0000
540	0.9688
541	0.9688
542	1.0000
543	0.9375
544	1.0000
545	0.9062
546	1.0000
547	0.9688
548	1.0000
549	1.0000
550	0.9375
551	0.9375
552	1.0000
553	0.9375
554	0.9688
555	0.9688
556	1.0000
557	1.0000
558	1.0000
559	1.0000
560	0.9375
561	0.9688
562	0.9062
563	0.9688
564	0.9688
565	0.9688
566	0.9688
567	1.0000
568	1.0000
569	0.9375
570	0.9688
571	0.9375
572	1.0000
573	0.9688
574	0.9062
575	1.0000
576	1.0000
577	1.0000
578	0.9688
579	0.9375
580	1.0000
581	0.9062
582	0.9688
583	0.9375
584	0.8750
585	0.9688
586	0.9375
587	0.9375
588	0.9375
589	1.0000
590	1.0000
591	1.0000
592	0.9375
593	0.9375
594	0.9375
595	1.0000
596	1.0000
597	0.9688
598	1.0000
599	1.0000
600	0.9375
601	0.9688
602	0.9688
603	1.0000
604	1.0000
605	1.0000
606	1.0000
607	0.9375
608	1.0000
609	0.9688
610	0.9062
611	1.0000
612	0.9688
613	1.0000
614	1.0000
615	0.9688
616	0.9688
617	0.9688
618	0.9688
619	1.0000
620	1.0000
621	0.9688
622	1.0000
623	1.0000
624	0.9688
625	0.9688
626	0.8438
627	0.9688
628	0.9688
629	1.0000
630	0.9688
631	1.0000
632	0.9375
633	0.9688
634	1.0000
635	0.9062
636	0.9688
637	1.0000
638	1.0000
639	0.9375
640	1.0000
641	0.9688
642	1.0000
643	1.0000
644	1.0000
645	1.0000
646	0.9375
647	1.0000
648	0.9688
649	1.0000
650	1.0000
651	1.0000
652	0.9375
653	0.9688
654	0.9688
655	0.9375
656	0.9688
657	0.9062
658	0.9375
659	0.9688
660	0.9688
661	1.0000
662	1.0000
663	1.0000
664	0.9375
665	0.9688
666	1.0000
667	1.0000
668	0.9688
669	0.9375
670	0.9688
671	1.0000
672	1.0000
673	0.9688
674	0.9688
675	1.0000
676	1.0000
677	1.0000
678	1.0000
679	0.9688
680	1.0000
681	0.9688
682	1.0000
683	0.9375
684	0.9062
685	0.9062
686	1.0000
687	1.0000
688	1.0000
689	0.9688
690	0.8750
691	1.0000
692	1.0000
693	0.9688
694	1.0000
695	1.0000
696	1.0000
697	0.9688
698	1.0000
699	0.9375
700	1.0000
701	1.0000
702	0.9688
703	0.9375
704	0.9062
705	0.8750
706	0.9375
707	1.0000
708	0.9375
709	0.9375
710	1.0000
711	0.9375
712	0.9375
713	0.9062
714	0.9688
715	1.0000
716	0.9688
717	0.9375
718	0.9688
719	0.9375
720	1.0000
721	0.9062
722	1.0000
723	0.9375
724	0.9688
725	1.0000
726	1.0000
727	1.0000
728	0.9688
729	0.9688
730	0.9688
731	1.0000
732	1.0000
733	0.9688
734	1.0000
735	0.9688
736	0.9375
737	0.9688
738	1.0000
739	0.9688
740	1.0000
741	1.0000
742	0.9688
743	0.9688
744	0.9688
745	1.0000
746	1.0000
747	1.0000
748	0.9375
749	0.9688
750	0.9375
751	0.9688
752	1.0000
753	0.9688
754	0.9375
755	1.0000
756	0.9688
757	0.9688
758	0.9375
759	1.0000
760	1.0000
761	0.9375
762	0.8438
763	1.0000
764	0.9375
765	1.0000
766	0.8750
767	1.0000
768	0.9688
769	0.9062
770	0.9688
771	1.0000
772	1.0000
773	0.9375
774	0.9688
775	0.9375
776	0.9375
777	0.8438
778	0.9688
779	1.0000
780	0.8125
781	1.0000
782	0.9375
783	0.9688
784	0.9062
785	0.9688
786	0.9375
787	0.9375
788	0.8750
789	1.0000
790	0.9375
791	1.0000
792	1.0000
793	0.9688
794	1.0000
795	0.9062
796	0.9688
797	0.9375
798	0.9375
799	1.0000
800	0.9375
801	0.9062
802	0.8438
803	0.9688
804	1.0000
805	0.9688
806	0.9375
807	0.9688
808	0.8438
809	0.9062
810	0.9688
811	0.9375
812	0.9375
813	0.8438
814	0.8125
815	0.9375
816	0.9375
817	0.9375
818	0.9375
819	1.0000
820	0.9688
821	1.0000
822	0.9375
823	0.9375
824	0.9062
825	0.9375
826	0.9375
827	0.9688
828	0.9375
829	0.9062
830	1.0000
831	0.9688
832	1.0000
833	0.9688
834	0.9688
835	0.9688
836	1.0000
837	0.9062
838	0.9062
839	0.9375
840	0.9062
841	0.9375
842	0.9688
843	1.0000
844	1.0000
845	0.9688
846	0.9688
847	0.9688
848	1.0000
849	0.8750
850	1.0000
851	0.9688
852	0.9375
853	1.0000
854	0.9688
855	1.0000
856	0.9062
857	0.9375
858	0.9375
859	0.9688
860	0.9375
861	1.0000
862	0.9062
863	1.0000
864	0.9688
865	1.0000
866	0.9688
867	0.9375
868	1.0000
869	0.9688
870	1.0000
871	0.9688
872	1.0000
873	0.9375
874	0.9375
875	1.0000
876	0.9375
877	1.0000
878	0.9688
879	0.9688
880	0.9688
881	0.9688
882	1.0000
883	1.0000
884	1.0000
885	0.9688
886	0.9375
887	1.0000
888	0.9375
889	1.0000
890	1.0000
891	0.9375
892	1.0000
893	0.9688
894	1.0000
895	1.0000
896	0.9688
897	1.0000
898	1.0000
899	1.0000
900	1.0000
901	1.0000
902	1.0000
903	1.0000
904	1.0000
905	0.9375
906	1.0000
907	0.9688
908	0.9688
909	0.9375
910	0.9688
911	0.9062
912	0.9688
913	1.0000
914	1.0000
915	0.9688
916	0.9688
917	1.0000
918	0.9688
919	1.0000
920	0.9688
921	0.9688
922	0.9688
923	0.9375
924	0.9688
925	1.0000
926	1.0000
927	1.0000
928	0.9688
929	1.0000
930	1.0000
931	0.9688
932	1.0000
933	1.0000
934	0.9688
935	1.0000
936	1.0000
937	1.0000
938	1.0000
939	1.0000
940	0.9688
941	1.0000
942	1.0000
943	1.0000
944	0.9688
945	1.0000
946	1.0000
947	0.9062
948	0.9688
949	0.9688
950	1.0000
951	0.9688
952	0.9375
953	1.0000
954	0.9688
955	0.9688
956	0.9688
957	1.0000
958	0.9688
959	1.0000
960	1.0000
961	1.0000
962	1.0000
963	1.0000
964	1.0000
965	1.0000
966	1.0000
967	0.9688
968	1.0000
969	1.0000
970	1.0000
971	1.0000
972	1.0000
973	1.0000
974	0.9688
975	0.9688
976	0.9688
977	0.9062
